time(s),reference current(A),current(A),cart position(m),pendulum angle(rad)
0.00768,0.0,0.0,0.0,-3.14159265
0.011008,0.117,0.0,0.0,-3.14159265
0.014656,0.205,0.0,0.0,-3.14159265
0.018304,0.333,0.0,0.0,-3.14159265
0.021952,0.45,0.0,0.0,-3.14159265
0.0256,0.539,0.0,0.0,-3.14159265
0.029248,0.666,0.0,0.0,-3.14159265
0.032896,0.754,0.0,0.0,-3.14159265
0.036544,0.862,0.0,0.0,-3.14159265
0.040192,0.98,0.0,0.0,-3.14159265
0.04384,1.068,0.0,0.0,-3.14159265
0.047552,1.196,0.0,0.0,-3.14159265
0.051264,1.303,0.0,0.0,-3.14159265
0.054976,1.411,0.0,0.0,-3.14159265
0.058688,1.48,0.0,0.0,-3.14159265
0.062464,1.607,0.0,0.0,-3.14159265
0.066176,1.696,0.0,0.0,-3.14159265
0.069888,1.764,0.0,0.0,-3.14159265
0.0736,1.872,0.0,0.0,-3.14159265
0.077376,1.95,0.0,0.0,-3.14159265
0.081088,2.019,0.0,0.0,-3.14159265
0.0848,2.078,0.0,0.0,-3.14159265
0.088512,2.137,0.0,0.0,-3.14159265
0.092288,2.215,0.0,0.0,-3.14159265
0.096,2.264,0.0,0.0,-3.14159265
0.099712,2.303,0.0,0.0,-3.14159265
0.103424,2.362,0.0,0.0,-3.14159265
0.107264,2.392,0.0,0.0,-3.14159265
0.111104,2.431,0.0,0.0,-3.14159265
0.11488,2.45,0.0,0.0,-3.14159265
0.11872,2.47,0.0,0.0,-3.14159265
0.12256,2.49,0.0,0.0,-3.14159265
0.1264,2.49,0.0,0.0,-3.14159265
0.130176,2.49,0.0,0.0,-3.14159265
0.134016,2.49,0.0,0.0,-3.14159265
0.137856,2.48,0.0,0.0,-3.14159265
0.141696,2.45,0.0,0.0,-3.14159265
0.145472,2.431,0.0,0.0,-3.14159265
0.149312,2.392,0.0,0.0,-3.14159265
0.153152,2.352,0.0,0.0,-3.14159265
0.156928,2.294,0.0,0.0,-3.14159265
0.160768,2.254,0.0,0.0,-3.14159265
0.164608,2.186,0.0,0.0,-3.14159265
0.168448,2.107,0.0,0.0,-3.14159265
0.172224,2.039,0.0,0.0,-3.14159265
0.176064,1.97,0.0,0.0,-3.14159265
0.179904,1.892,0.0,0.0,-3.14159265
0.18368,1.803,0.0,0.0,-3.14159265
0.18752,1.696,0.0,0.0,-3.14159265
0.19136,1.578,0.0,0.0,-3.14159265
0.1952,1.48,0.0,0.0,-3.14159265
0.198976,1.362,0.0,0.0,-3.14159265
0.202816,1.284,0.0,0.0,-3.14159265
0.206656,1.147,0.0,0.0,-3.14159265
0.210496,1.009,0.0,0.0,-3.14159265
0.214272,0.892,0.0,0.0,-3.14159265
0.218048,0.754,0.0,0.0,-3.14159265
0.22176,0.627,0.0,0.0,-3.14159265
0.225472,0.48,0.0,0.0,-3.14159265
0.229248,0.362,0.0,0.0,-3.14159265
0.23296,0.205,0.0,0.0,-3.14159265
0.236736,0.117,0.0,0.0,-3.14159265
0.240448,-0.029,0.0,0.0,-3.14159265
0.244224,-0.176,0.0,0.0,-3.14159265
0.248,-0.333,0.0,0.0,-3.14159265
0.25184,-0.421,0.0,0.0,-3.14159265
0.25568,-0.568,0.0,0.0,-3.14159265
0.25952,-0.725,0.0,0.0,-3.14159265
0.263296,-0.862,-0.546,0.0,-3.14159265
0.267392,-1.009,-0.768,0.0,-3.14159265
0.271552,-1.117,-0.65,0.0,-3.14159265
0.275712,-1.284,-0.806,0.0,-3.14159265
0.279872,-1.382,-0.936,0.0,-3.14159265
0.284032,-1.529,-0.962,0.0,-3.14159265
0.288192,-1.647,-1.092,0.0,-3.14159265
0.29248,-1.764,-1.28,0.0,-3.14159265
0.296704,-1.872,-1.248,0.0,-3.14159265
0.300992,-1.98,-1.43,0.0,-3.14159265
0.305216,-2.078,-1.482,0.0,-3.14159265
0.30944,-2.156,-1.456,0.0,-3.14159265
0.313728,-2.225,-1.586,0.0,-3.14159265
0.317952,-2.303,-1.664,0.0,-3.14159265
0.32224,-2.362,-1.69,0.0,-3.14159265
0.326464,-2.411,-1.846,0.0,-3.14159265
0.330688,-2.441,-1.898,0.0,-3.14159265
0.334976,-2.48,-1.872,0.0,-3.14159265
0.3392,-2.49,-1.95,0.0,-3.14159265
0.343488,-2.5,-1.768,0.0,-3.14159265
0.347712,-2.49,-2.002,0.0,-3.14159265
0.351936,-2.47,-1.924,0.0,-3.14159265
0.356224,-2.45,-1.898,0.0,-3.14159265
0.360448,-2.401,-1.898,0.0,-3.14159265
0.364736,-2.372,-1.794,0.0,-3.14159265
0.36896,-2.294,-1.872,0.0,-3.14159265
0.373248,-2.225,-1.768,0.0,-3.14159265
0.377472,-2.156,-1.768,0.0,-3.14159265
0.381696,-2.078,-1.612,0.0,-3.14159265
0.385984,-1.95,-1.638,0.0,-3.14159265
0.390208,-1.843,-1.534,0.0,-3.14159265
0.394496,-1.745,-1.534,0.0,-3.14159265
0.39872,-1.627,-1.352,0.0,-3.14159265
0.402944,-1.46,-1.326,0.0,-3.14159265
0.407232,-1.333,-1.196,0.0,-3.14159265
0.411456,-1.196,-1.04,0.0,-3.14159265
0.415744,-1.039,-0.936,0.0,-3.14159265
0.419904,-0.892,-0.78,0.0,-3.14159265
0.423936,-0.725,-0.702,0.0,-3.14159265
0.428032,-0.539,-0.65,0.0,-3.14159265
0.432128,-0.392,-0.468,0.0,-3.14159265
0.436224,-0.235,-0.312,0.0,-3.14159265
0.440256,-0.058,-0.156,0.0,-3.14159265
0.444288,0.088,0.0,0.0,-3.14159265
0.447936,0.235,0.052,0.0,-3.14159265
0.451776,0.362,0.156,0.0,-3.14159265
0.45568,0.539,0.26,0.0,-3.14159265
0.459584,0.696,0.416,0.0,-3.14159265
0.463488,0.862,0.598,0.0,-3.14159265
0.467392,1.009,0.702,0.0,-3.14159265
0.47136,1.147,0.78,0.0,-3.14159265
0.475392,1.303,1.014,0.0,-3.14159265
0.479424,1.431,1.118,0.0,-3.14159265
0.48352,1.578,1.196,0.0,-3.14159265
0.487616,1.696,1.326,0.0,-3.14159265
0.491648,1.823,1.456,0.0,-3.14159265
0.495744,1.931,1.56,0.0,-3.14159265
0.49984,2.039,1.664,0.0,-3.14159265
0.503936,2.137,1.742,0.0,-3.14159265
0.507968,2.225,1.898,0.0,-3.14159265
0.512064,2.303,2.028,0.0,-3.14159265
0.51616,2.362,1.898,0.0,-3.14159265
0.520192,2.411,2.158,0.0,-3.14159265
0.524288,2.45,2.21,0.0,-3.14159265
0.528384,2.48,2.028,0.0,-3.14159265
0.53248,2.49,2.21,0.0,-3.14159265
0.536512,2.49,2.08,0.0,-3.14159265
0.540608,2.49,2.08,0.0,-3.14159265
0.544704,2.47,2.184,0.0,-3.14159265
0.548736,2.431,2.184,0.0,-3.14159265
0.552832,2.392,2.08,0.0,-3.14159265
0.556928,2.313,2.184,0.0,-3.14159265
0.561024,2.254,1.976,0.0,-3.14159265
0.565056,2.166,1.846,0.0,-3.14159265
0.569152,2.078,1.82,0.0,-3.14159265
0.573248,1.97,1.846,0.0,-3.14159265
0.57728,1.872,1.664,0.0,-3.14159265
0.581376,1.745,1.664,0.0,-3.14159265
0.585472,1.607,1.482,0.0,-3.14159265
0.589568,1.48,1.352,0.0,-3.14159265
0.5936,1.333,1.3,0.0,-3.14159265
0.597696,1.176,1.118,0.0,-3.14159265
0.601792,1.009,1.014,0.0,-3.14159265
0.605824,0.862,0.832,0.0,-3.14159265
0.609792,0.696,0.624,0.0,-3.14159265
0.613696,0.509,0.546,0.0,-3.14159265
0.6176,0.333,0.39,0.0,-3.14159265
0.621504,0.147,0.208,0.0,-3.14159265
0.625408,-0.029,0.104,0.0,-3.14159265
0.629312,-0.205,0.0,0.0,-3.14159265
0.633152,-0.392,-0.208,0.0,-3.14159265
0.637184,-0.539,-0.338,0.0,-3.14159265
0.64128,-0.725,-0.39,0.0,-3.14159265
0.645376,-0.892,-0.572,0.0,-3.14159265
0.649472,-1.068,-0.754,0.0,-3.14159265
0.653632,-1.225,-0.884,0.0,-3.14159265
0.657792,-1.382,-1.014,0.0,-3.14159265
0.662016,-1.558,-1.092,0.0,-3.14159265
0.666304,-1.696,-1.196,0.0,-3.14159265
0.670528,-1.843,-1.352,0.0,-3.14159265
0.674752,-1.95,-1.482,0.0,-3.14159265
0.67904,-2.088,-1.508,0.0,-3.14159265
0.683264,-2.186,-1.586,0.0,-3.14159265
0.687552,-2.264,-1.742,0.0,-3.14159265
0.691776,-2.343,-1.846,0.0,-3.14159265
0.696064,-2.411,-1.872,0.0,-3.14159265
0.700288,-2.45,-1.872,0.0,-3.14159265
0.704512,-2.48,-1.898,0.0,-3.14159265
0.7088,-2.49,-1.898,0.0,-3.14159265
0.713024,-2.49,-2.054,0.0,-3.14159265
0.717312,-2.47,-1.872,0.0,-3.14159265
0.721536,-2.441,-1.846,0.0,-3.14159265
0.725824,-2.392,-1.82,0.0,-3.14159265
0.730048,-2.313,-1.95,0.0,-3.14159265
0.734272,-2.245,-1.69,0.0,-3.14159265
0.73856,-2.156,-1.794,0.0,-3.14159265
0.742784,-2.058,-1.56,0.0,-3.14159265
0.747072,-1.911,-1.586,0.0,-3.14159265
0.751296,-1.784,-1.456,0.0,-3.14159265
0.75552,-1.627,-1.404,0.0,-3.14159265
0.759808,-1.48,-1.3,0.0,-3.14159265
0.764032,-1.303,-1.144,0.0,-3.14159265
0.76832,-1.117,-1.04,0.0,-3.14159265
0.772544,-0.95,-0.832,0.0,-3.14159265
0.77664,-0.774,-0.754,0.0,-3.14159265
0.780736,-0.568,-0.65,0.0,-3.14159265
0.784768,-0.392,-0.39,0.0,-3.14159265
0.788864,-0.205,-0.312,0.0,-3.14159265
0.79296,0.058,-0.156,0.0,-3.14159265
0.796864,0.176,-0.026,0.0,-3.14159265
0.800768,0.392,0.0,0.0,-3.14159265
0.80448,0.539,0.286,0.0,-3.14159265
0.808448,0.754,0.468,0.0,-3.14159265
0.812352,0.95,0.65,0.0,-3.14159265
0.816256,1.117,0.832,0.0,-3.14159265
0.820224,1.303,0.91,0.0,-3.14159265
0.824192,1.46,1.144,0.0,-3.14159265
0.828288,1.607,1.274,0.0,-3.14159265
0.832384,1.764,1.326,0.0,-3.14159265
0.83648,1.892,1.56,0.0,-3.14159265
0.840512,2.019,1.638,0.0,-3.14159265
0.844608,2.127,1.716,0.0,-3.14159265
0.848704,2.225,1.82,0.0,-3.14159265
0.852736,2.303,2.002,0.0,-3.14159265
0.856832,2.382,2.002,0.0,-3.14159265
0.860928,2.441,2.08,0.0,-3.14159265
0.865024,2.47,2.236,0.0,-3.14159265
0.869056,2.49,2.236,0.0,-3.14159265
0.873152,2.49,2.158,0.0,-3.14159265
0.877248,2.48,2.132,0.0,-3.14159265
0.88128,2.45,2.184,0.0,-3.14159265
0.885376,2.392,2.054,0.0,-3.14159265
0.889472,2.343,1.976,0.0,-3.14159265
0.893568,2.254,2.028,0.0,-3.14159265
0.8976,2.156,2.002,0.0,-3.14159265
0.901696,2.058,1.95,0.0,-3.14159265
0.905792,1.95,1.716,0.0,-3.14159265
0.909824,1.803,1.69,0.0,-3.14159265
0.91392,1.607,1.508,0.0,-3.14159265
0.918016,1.46,1.326,0.0,-3.14159265
0.922112,1.284,1.248,0.0,-3.14159265
0.926144,1.088,1.118,0.0,-3.14159265
0.93024,0.892,0.884,0.0,-3.14159265
0.934144,0.725,0.702,0.0,-3.14159265
0.938048,0.509,0.546,0.0,-3.14159265
0.941952,0.303,0.416,0.0,-3.14159265
0.945856,0.147,0.26,0.0,-3.14159265
0.94976,-0.058,0.182,0.0,-3.14159265
0.953728,-0.274,-0.026,0.0,-3.14159265
0.957696,-0.45,-0.234,0.0,-3.14159265
0.961792,-0.666,-0.364,0.0,-3.14159265
0.965888,-0.862,-0.768,0.0,-3.14159265
0.96992,-1.117,-0.676,0.0,-3.14159265
0.97408,-1.284,-0.91,0.0,-3.14159265
0.97824,-1.46,-1.092,0.0,-3.14159265
0.982528,-1.627,-1.196,0.0,-3.14159265
0.986752,-1.784,-1.3,0.0,-3.14159265
0.99104,-1.95,-1.352,0.0,-3.14159265
0.995264,-2.078,-1.56,0.0,-3.14159265
0.999552,-2.196,-1.56,0.0,-3.14159265
1.003776,-2.294,-1.742,0.0,-3.14159265
1.008128,-2.382,-1.742,0.0,-3.14159265
1.01248,-2.431,-1.898,0.0,-3.14159265
1.016832,-2.47,-1.924,0.0,-3.14159265
1.021184,-2.49,-1.95,0.0,-3.14159265
1.025472,-2.49,-2.002,0.0,-3.14159265
1.029824,-2.47,-1.976,0.0,-3.14159265
1.034176,-2.421,-1.95,0.0,-3.14159265
1.038528,-2.352,-1.95,0.0,-3.14159265
1.04288,-2.264,-1.846,0.0,-3.14159265
1.047232,-2.137,-1.846,0.0,-3.14159265
1.051584,-2.019,-1.716,0.0,-3.14159265
1.055936,-1.872,-1.612,0.0,-3.14159265
1.060288,-1.696,-1.43,0.0,-3.14159265
1.064576,-1.529,-1.3,0.0,-3.14159265
1.068928,-1.303,-1.536,0.0,-3.14159265
1.07328,-1.117,-0.962,0.0,-3.14159265
1.077568,-0.921,-0.858,0.0,-3.14159265
1.081728,-0.725,-0.728,0.0,-3.14159265
1.085888,-0.509,-0.572,0.0,-3.14159265
1.090112,-0.235,-0.39,0.0,-3.14159265
1.094272,0.0,-0.182,0.0,-3.14159265
1.098176,0.205,-0.13,0.0,-3.14159265
1.102272,0.421,0.234,0.0,-3.14159265
1.10624,0.666,0.312,0.0,-3.14159265
1.110272,0.862,0.572,0.0,-3.14159265
1.114304,1.039,0.676,0.0,-3.14159265
1.118336,1.254,0.936,0.0,-3.14159265
1.122432,1.431,1.04,0.0,-3.14159265
1.126592,1.627,1.17,0.0,-3.14159265
1.130816,1.784,1.508,0.0,-3.14159265
1.134976,1.97,1.43,0.0,-3.14159265
1.139136,2.088,1.69,0.0,-3.14159265
1.143296,2.215,1.872,0.0,-3.14159265
1.147456,2.303,1.898,0.0,-3.14159265
1.15168,2.382,2.002,0.0,-3.14159265
1.15584,2.441,2.106,0.0,-3.14159265
1.16,2.48,2.158,0.0,-3.14159265
1.16416,2.5,2.158,0.0,-3.14159265
1.16832,2.49,2.184,0.0,-3.14159265
1.172544,2.46,2.184,0.0,-3.14159265
1.176704,2.401,2.21,0.0,-3.14159265
1.180864,2.323,2.106,0.0,-3.14159265
1.185024,2.225,2.054,0.0,-3.14159265
1.189184,2.107,1.95,0.0,-3.14159265
1.193408,1.97,1.716,0.0,-3.14159265
1.197568,1.823,1.768,0.0,-3.14159265
1.201728,1.676,1.638,0.0,-3.14159265
1.205888,1.48,1.404,0.0,-3.14159265
1.210048,1.225,1.3,0.0,-3.14159265
1.214272,1.039,1.04,0.0,-3.14159265
1.218432,0.833,0.858,0.0,-3.14159265
1.2224,0.598,0.65,0.0,-3.14159265
1.226432,0.362,0.52,0.0,-3.14159265
1.2304,0.147,0.286,0.0,-3.14159265
1.234432,-0.088,0.078,0.0,-3.14159265
1.238336,-0.303,-0.026,0.0,-3.14159265
1.242432,-0.539,-0.286,0.0,-3.14159265
1.246592,-0.774,-0.442,0.0,-3.14159265
1.250816,-1.009,-0.676,0.0,-3.14159265
1.25504,-1.254,-0.832,0.0,-3.14159265
1.259328,-1.46,-1.014,0.0,-3.14159265
1.26368,-1.647,-1.144,0.0,-3.14159265
1.267968,-1.843,-1.404,0.0,-3.14159265
1.27232,-2.0,-1.43,0.0,-3.14159265
1.276672,-2.127,-1.586,0.0,-3.14159265
1.281024,-2.264,-1.56,0.0,-3.14159265
1.285376,-2.362,-1.768,0.0,-3.14159265
1.289728,-2.431,-1.898,0.0,-3.14159265
1.29408,-2.48,-1.872,0.0,-3.14159265
1.298432,-2.49,-1.924,0.0,-3.14159265
1.302784,-2.49,-1.95,0.0,-3.14159265
1.307136,-2.45,-2.028,0.0,-3.14159265
1.311424,-2.392,-1.95,0.0,-3.14159265
1.315776,-2.313,-1.742,0.0,-3.14159265
1.320128,-2.186,-1.82,0.0,-3.14159265
1.32448,-2.058,-1.716,0.0,-3.14159265
1.328832,-1.911,-1.586,0.0,-3.14159265
1.333184,-1.696,-1.534,0.0,-3.14159265
1.337536,-1.509,-1.378,0.0,-3.14159265
1.341888,-1.333,-1.222,0.0,-3.14159265
1.34624,-1.039,-1.17,0.0,-3.14159265
1.350592,-0.803,-0.754,0.0,-3.14159265
1.354752,-0.598,-0.598,0.0,-3.14159265
1.358912,-0.303,-0.52,0.0,-3.14159265
1.363072,-0.058,-0.26,0.0,-3.14159265
1.367168,0.205,0.026,0.0,-3.14159265
1.371072,0.421,0.156,0.0,-3.14159265
1.375104,0.696,0.416,0.0,-3.14159265
1.379136,0.921,0.572,0.0,-3.14159265
1.383104,1.147,0.78,0.0,-3.14159265
1.3872,1.362,0.988,0.0,-3.14159265
1.391296,1.529,1.222,0.0,-3.14159265
1.395456,1.715,1.274,0.0,-3.14159265
1.399616,1.911,1.378,0.0,-3.14159265
1.403776,2.058,1.638,0.0,-3.14159265
1.408,2.215,1.872,0.0,-3.14159265
1.41216,2.313,1.792,0.0,-3.14159265
1.41632,2.392,1.872,0.0,-3.14159265
1.42048,2.46,2.21,0.0,-3.14159265
1.42464,2.49,2.054,0.0,-3.14159265
1.428864,2.49,2.21,0.0,-3.14159265
1.433024,2.47,2.314,0.0,-3.14159265
1.437184,2.421,2.21,0.0,-3.14159265
1.441344,2.352,2.106,0.0,-3.14159265
1.445504,2.254,2.132,0.0,-3.14159265
1.449728,2.127,1.792,0.0,-3.14159265
1.453888,1.98,1.846,0.0,-3.14159265
1.458048,1.784,1.69,0.0,-3.14159265
1.462208,1.578,1.508,0.0,-3.14159265
1.466432,1.382,1.3,0.0,-3.14159265
1.470592,1.147,1.196,0.0,-3.14159265
1.474752,0.95,1.04,0.0,-3.14159265
1.478848,0.725,0.702,0.0,-3.14159265
1.482816,0.45,0.598,0.0,-3.14159265
1.486848,0.205,0.338,0.0,-3.14159265
1.490816,-0.058,0.234,0.0,-3.14159265
1.494848,-0.303,-0.052,0.0,-3.14159265
1.498944,-0.598,-0.286,0.0,-3.14159265
1.503104,-0.862,-0.52,0.0,-3.14159265
1.507264,-1.117,-0.702,0.0,-3.14159265
1.511552,-1.333,-0.832,0.0,-3.14159265
1.515776,-1.529,-1.066,0.0,-3.14159265
1.520128,-1.784,-1.3,0.0,-3.14159265
1.52448,-1.95,-1.378,0.0,-3.14159265
1.528832,-2.088,-1.456,0.0,-3.14159265
1.533184,-2.254,-1.716,0.0,-3.14159265
1.537536,-2.362,-1.768,0.0,-3.14159265
1.541888,-2.431,-1.898,0.0,-3.14159265
1.54624,-2.48,-1.846,0.0,-3.14159265
1.550592,-2.49,-1.95,0.0,-3.14159265
1.55488,-2.48,-1.976,0.0,-3.14159265
1.559232,-2.431,-1.846,0.0,-3.14159265
1.563584,-2.352,-1.872,0.0,-3.14159265
1.567936,-2.225,-1.846,0.0,-3.14159265
1.572288,-2.088,-1.82,0.0,-3.14159265
1.57664,-1.931,-1.69,0.0,-3.14159265
1.580992,-1.715,-1.534,0.0,-3.14159265
1.585344,-1.509,-1.378,0.0,-3.14159265
1.589696,-1.284,-1.222,0.0,-3.14159265
1.593984,-1.009,-1.014,0.0,-3.14159265
1.598336,-0.754,-0.832,0.0,-3.14159265
1.60256,-0.48,-0.65,0.0,-3.14159265
1.60672,-0.205,-0.338,0.0,-3.14159265
1.61088,0.058,-0.182,0.0,-3.14159265
1.614912,0.362,-0.026,0.0,-3.14159265
1.61888,0.539,0.156,0.0,-3.14159265
1.622912,0.892,0.416,0.0,-3.14159265
1.62688,1.068,0.728,0.0,-3.14159265
1.630976,1.362,0.858,0.0,-3.14159265
1.635072,1.578,1.118,0.0,-3.14159265
1.639232,1.784,1.274,0.0,-3.14159265
1.643392,1.97,1.612,0.0,-3.14159265
1.647616,2.107,1.716,0.0,-3.14159265
1.651776,2.245,1.924,0.0,-3.14159265
1.655936,2.372,1.846,0.0,-3.14159265
1.660096,2.441,2.184,0.0,-3.14159265
1.664256,2.48,2.236,0.0,-3.14159265
1.66848,2.49,2.132,0.0,-3.14159265
1.67264,2.48,2.106,0.0,-3.14159265
1.6768,2.431,2.288,0.0,-3.14159265
1.68096,2.343,2.048,0.0,-3.14159265
1.68512,2.225,2.08,0.0,-3.14159265
1.689344,2.088,1.924,0.0,-3.14159265
1.693504,1.931,1.82,0.0,-3.14159265
1.697664,1.715,1.742,0.0,-3.14159265
1.701824,1.529,1.508,0.0,-3.14159265
1.705984,1.225,1.378,0.0,-3.14159265
1.710208,1.009,0.988,0.0,-3.14159265
1.71424,0.754,0.91,0.0,-3.14159265
1.718272,0.48,0.598,0.0,-3.14159265
1.722304,0.205,0.416,0.0,-3.14159265
1.726272,-0.058,0.156,0.0,-3.14159265
1.730304,-0.333,-0.052,0.0,-3.14159265
1.7344,-0.598,-0.234,0.0,-3.14159265
1.73856,-0.862,-0.468,0.0,-3.14159265
1.74272,-1.117,-0.754,0.0,-3.14159265
1.747008,-1.431,-0.858,0.0,-3.14159265
1.751232,-1.627,-1.092,0.0,-3.14159265
1.755584,-1.843,-1.222,0.0,-3.14159265
1.759936,-2.058,-1.508,0.0,-3.14159265
1.764288,-2.196,-1.69,0.0,-3.14159265
1.76864,-2.313,-1.69,0.0,-3.14159265
1.772992,-2.431,-1.638,0.0,-3.14159265
1.777344,-2.48,-1.924,0.0,-3.14159265
1.781696,-2.49,-1.924,0.0,-3.14159265
1.785984,-2.47,-1.976,0.0,-3.14159265
1.790336,-2.421,-1.82,0.0,-3.14159265
1.794688,-2.343,-1.924,0.0,-3.14159265
1.79904,-2.186,-1.95,0.0,-3.14159265
1.803392,-2.039,-1.664,0.0,-3.14159265
1.807744,-1.843,-1.534,0.0,-3.14159265
1.812096,-1.607,-1.378,0.0,-3.14159265
1.816448,-1.382,-1.378,0.0,-3.14159265
1.8208,-1.117,-1.144,0.0,-3.14159265
1.825152,-0.803,-0.936,0.0,-3.14159265
1.829312,-0.509,-0.676,0.0,-3.14159265
1.833472,-0.235,-0.512,0.0,-3.14159265
1.837632,0.058,-0.234,0.0,-3.14159265
1.841664,0.303,0.0,0.0,-3.14159265
1.845504,0.568,0.234,0.0,-3.14159265
1.849472,0.862,0.52,0.0,-3.14159265
1.853504,1.147,0.78,0.0,-3.14159265
1.8576,1.382,0.962,0.0,-3.14159265
1.861696,1.607,1.274,0.0,-3.14159265
1.865856,1.823,1.326,0.0,-3.14159265
1.870016,2.058,1.508,0.0,-3.14159265
1.874176,2.196,1.742,0.0,-3.14159265
1.878336,2.313,1.846,0.0,-3.14159265
1.88256,2.411,2.002,0.0,-3.14159265
1.88672,2.47,1.976,0.0,-3.14159265
1.89088,2.49,2.158,0.0,-3.14159265
1.89504,2.48,2.262,0.0,-3.14159265
1.8992,2.431,2.132,0.0,-3.14159265
1.903424,2.343,2.08,0.0,-3.14159265
1.907584,2.215,2.028,0.0,-3.14159265
1.911744,2.078,1.872,0.0,-3.14159265
1.915904,1.911,1.846,0.0,-3.14159265
1.920064,1.627,1.716,0.0,-3.14159265
1.924288,1.431,1.378,0.0,-3.14159265
1.928448,1.176,1.196,0.0,-3.14159265
1.932608,0.892,0.936,0.0,-3.14159265
1.93664,0.598,0.754,0.0,-3.14159265
1.940608,0.303,0.494,0.0,-3.14159265
1.94464,0.058,0.234,0.0,-3.14159265
1.948544,-0.235,0.0,0.0,-3.14159265
1.952448,-0.539,-0.182,0.0,-3.14159265
1.956608,-0.833,-0.494,0.0,-3.14159265
1.960832,-1.117,-0.728,0.0,-3.14159265
1.965056,-1.431,-0.936,0.0,-3.14159265
1.969344,-1.647,-1.04,0.0,-3.14159265
1.973696,-1.892,-1.274,0.0,-3.14159265
1.978048,-2.088,-1.43,0.0,-3.14159265
1.9824,-2.245,-1.638,0.0,-3.14159265
1.986688,-2.362,-1.742,0.0,-3.14159265
1.99104,-2.45,-1.742,0.0,-3.14159265
1.995392,-2.49,-1.898,0.0,-3.14159265
1.999744,-2.49,-2.002,0.0,-3.14159265
2.004096,-2.45,-1.95,0.0,-3.14159265
2.008448,-2.362,-1.976,0.0,-3.14159265
2.0128,-2.245,-1.924,0.0,-3.14159265
2.017152,-2.039,-1.898,0.0,-3.14159265
2.021504,-1.892,-1.586,0.0,-3.14159265
2.025856,-1.647,-1.792,0.0,-3.14159265
2.030144,-1.362,-1.326,0.0,-3.14159265
2.034496,-1.088,-1.092,0.0,-3.14159265
2.038848,-0.803,-0.988,0.0,-3.14159265
2.043072,-0.421,-0.702,0.0,-3.14159265
2.047232,-0.117,-0.312,0.0,-3.14159265
2.051392,0.147,-0.13,0.0,-3.14159265
2.055488,0.45,0.286,0.0,-3.14159265
2.059456,0.754,0.208,0.0,-3.14159265
2.063488,1.039,0.624,0.0,-3.14159265
2.067584,1.333,0.832,0.0,-3.14159265
2.07168,1.558,1.17,0.0,-3.14159265
2.07584,1.784,1.274,0.0,-3.14159265
2.08,2.039,1.508,0.0,-3.14159265
2.08416,2.186,1.742,0.0,-3.14159265
2.088384,2.313,1.95,0.0,-3.14159265
2.092544,2.421,2.054,0.0,-3.14159265
2.096704,2.48,2.184,0.0,-3.14159265
2.100864,2.49,2.132,0.0,-3.14159265
2.105024,2.47,2.262,0.0,-3.14159265
2.109248,2.392,2.106,0.0,-3.14159265
2.113408,2.294,2.08,0.0,-3.14159265
2.117568,2.137,2.054,0.0,-3.14159265
2.121728,1.98,1.69,0.0,-3.14159265
2.125888,1.784,1.69,0.0,-3.14159265
2.130112,1.48,1.56,0.0,-3.14159265
2.134272,1.225,1.248,0.0,-3.14159265
2.138432,0.95,1.066,0.0,-3.14159265
2.142528,0.627,0.78,0.0,-3.14159265
2.146496,0.333,0.468,0.0,-3.14159265
2.150528,0.0,0.26,0.0,-3.14159265
2.154368,-0.274,0.0,0.0,-3.14159265
2.158272,-0.568,-0.26,0.0,-3.14159265
2.162432,-0.892,-0.468,0.0,-3.14159265
2.166656,-1.176,-0.754,0.0,-3.14159265
2.17088,-1.46,-0.988,0.0,-3.14159265
2.175168,-1.745,-1.196,0.0,-3.14159265
2.17952,-1.97,-1.326,0.0,-3.14159265
2.183872,-2.137,-1.638,0.0,-3.14159265
2.188224,-2.313,-1.742,0.0,-3.14159265
2.192512,-2.411,-1.872,0.0,-3.14159265
2.196864,-2.48,-1.95,0.0,-3.14159265
2.201216,-2.49,-1.976,0.0,-3.14159265
2.205568,-2.46,-1.976,0.0,-3.14159265
2.20992,-2.362,-1.924,0.0,-3.14159265
2.214272,-2.254,-1.924,0.0,-3.14159265
2.218624,-2.088,-1.69,0.0,-3.14159265
2.222976,-1.843,-1.638,0.0,-3.14159265
2.227328,-1.607,-1.482,0.0,-3.14159265
2.23168,-1.382,-1.118,0.0,-3.14159265
2.235968,-1.009,-1.17,0.0,-3.14159265
2.24032,-0.696,-0.832,0.0,-3.14159265
2.244544,-0.421,-0.676,0.0,-3.14159265
2.248704,-0.088,-0.364,0.0,-3.14159265
2.2528,0.235,-0.104,0.0,-3.14159265
2.256896,0.539,0.208,0.0,-3.14159265
2.260864,0.862,0.442,0.0,-3.14159265
2.264896,1.147,0.676,0.0,-3.14159265
2.268992,1.509,0.962,0.0,-3.14159265
2.273088,1.764,1.222,0.0,-3.14159265
2.277248,1.98,1.404,0.0,-3.14159265
2.281408,2.137,1.742,0.0,-3.14159265
2.285568,2.294,1.976,0.0,-3.14159265
2.289728,2.401,1.95,0.0,-3.14159265
2.293952,2.48,2.184,0.0,-3.14159265
2.298112,2.49,2.132,0.0,-3.14159265
2.302272,2.47,2.132,0.0,-3.14159265
2.306432,2.392,2.184,0.0,-3.14159265
2.310592,2.284,2.054,0.0,-3.14159265
2.314816,2.137,1.82,0.0,-3.14159265
2.318976,1.892,1.846,0.0,-3.14159265
2.323136,1.647,1.612,0.0,-3.14159265
2.327296,1.382,1.326,0.0,-3.14159265
2.331456,1.117,1.066,0.0,-3.14159265
2.33568,0.803,0.91,0.0,-3.14159265
2.339648,0.48,0.676,0.0,-3.14159265
2.34368,0.147,0.39,0.0,-3.14159265
2.347648,-0.176,0.078,0.0,-3.14159265
2.35168,-0.48,-0.104,0.0,-3.14159265
2.35584,-0.803,-0.416,0.0,-3.14159265
2.36,-1.196,-0.728,0.0,-3.14159265
2.364288,-1.46,-0.936,0.0,-3.14159265
2.368512,-1.715,-1.222,0.0,-3.14159265
2.372864,-1.95,-1.378,0.0,-3.14159265
2.377216,-2.186,-1.482,0.0,-3.14159265
2.381568,-2.313,-1.69,0.0,-3.14159265
2.38592,-2.45,-1.82,0.0,-3.14159265
2.390272,-2.49,-1.872,0.0,-3.14159265
2.394624,-2.49,-2.054,0.0,-3.14159265
2.398912,-2.431,-1.924,0.0,-3.14159265
2.403264,-2.323,-1.924,0.0,-3.14159265
2.407616,-2.186,-1.794,0.0,-3.14159265
2.411968,-1.97,-1.664,0.0,-3.14159265
2.41632,-1.715,-1.56,0.0,-3.14159265
2.420672,-1.46,-1.326,0.0,-3.14159265
2.425024,-1.117,-1.066,0.0,-3.14159265
2.429376,-0.803,-0.936,0.0,-3.14159265
2.433536,-0.45,-0.676,0.0,-3.14159265
2.437696,-0.117,-0.338,0.0,-3.14159265
2.441856,0.176,-0.156,0.0,-3.14159265
2.445952,0.598,0.13,0.0,-3.14159265
2.449984,0.95,0.442,0.0,-3.14159265
2.453952,1.225,0.754,0.0,-3.14159265
2.458048,1.509,0.962,0.0,-3.14159265
2.462144,1.784,1.3,0.0,-3.14159265
2.466304,2.0,1.482,0.0,-3.14159265
2.470528,2.196,1.716,0.0,-3.14159265
2.474688,2.323,2.002,0.0,-3.14159265
2.478848,2.431,2.08,0.0,-3.14159265
2.483008,2.49,2.106,0.0,-3.14159265
2.487168,2.49,2.21,0.0,-3.14159265
2.491392,2.441,2.158,0.0,-3.14159265
2.495552,2.343,2.158,0.0,-3.14159265
2.499712,2.196,1.976,0.0,-3.14159265
2.503872,2.0,1.872,0.0,-3.14159265
2.508032,1.745,1.69,0.0,-3.14159265
2.512256,1.46,1.456,0.0,-3.14159265
2.516416,1.176,1.196,0.0,-3.14159265
2.520576,0.833,0.962,0.0,-3.14159265
2.524608,0.539,0.676,0.0,-3.14159265
2.528576,0.176,0.442,0.0,-3.14159265
2.532608,-0.147,0.156,0.0,-3.14159265
2.536704,-0.509,-0.104,0.0,-3.14159265
2.540864,-0.862,-0.468,0.0,-3.14159265
2.545024,-1.225,-0.702,0.0,-3.14159265
2.549312,-1.529,-0.962,0.0,-3.14159265
2.553536,-1.784,-1.248,0.0,-3.14159265
2.557888,-2.019,-1.456,0.0,-3.14159265
2.56224,-2.245,-1.664,0.0,-3.14159265
2.566592,-2.372,-1.742,0.0,-3.14159265
2.570944,-2.47,-1.898,0.0,-3.14159265
2.575296,-2.5,-1.976,0.0,-3.14159265
2.579648,-2.47,-1.794,0.0,-3.14159265
2.584,-2.382,-1.872,0.0,-3.14159265
2.588288,-2.245,-1.846,0.0,-3.14159265
2.59264,-2.058,-1.794,0.0,-3.14159265
2.596992,-1.764,-1.638,0.0,-3.14159265
2.601344,-1.529,-1.508,0.0,-3.14159265
2.605696,-1.225,-1.222,0.0,-3.14159265
2.610048,-0.803,-0.962,0.0,-3.14159265
2.614208,-0.48,-0.65,0.0,-3.14159265
2.618368,-0.147,-0.39,0.0,-3.14159265
2.622592,0.205,-0.182,0.0,-3.14159265
2.626688,0.568,0.234,0.0,-3.14159265
2.630656,0.921,0.442,0.0,-3.14159265
2.634688,1.196,0.728,0.0,-3.14159265
2.638784,1.509,0.962,0.0,-3.14159265
2.642816,1.784,1.248,0.0,-3.14159265
2.64704,2.078,1.482,0.0,-3.14159265
2.6512,2.245,1.846,0.0,-3.14159265
2.65536,2.382,1.924,0.0,-3.14159265
2.65952,2.46,2.106,0.0,-3.14159265
2.66368,2.49,2.288,0.0,-3.14159265
2.667904,2.47,2.132,0.0,-3.14159265
2.672064,2.382,2.132,0.0,-3.14159265
2.676224,2.245,2.028,0.0,-3.14159265
2.680384,2.058,1.976,0.0,-3.14159265
2.684544,1.843,1.872,0.0,-3.14159265
2.688768,1.578,1.534,0.0,-3.14159265
2.692928,1.196,1.404,0.0,-3.14159265
2.697088,0.862,1.144,0.0,-3.14159265
2.701184,0.539,0.702,0.0,-3.14159265
2.705152,0.176,0.39,0.0,-3.14159265
2.709184,-0.176,0.026,0.0,-3.14159265
2.713216,-0.539,-0.13,0.0,-3.14159265
2.717376,-0.892,-0.338,0.0,-3.14159265
2.721536,-1.196,-0.702,0.0,-3.14159265
2.725824,-1.509,-0.91,0.0,-3.14159265
2.730048,-1.872,-1.222,0.0,-3.14159265
2.7344,-2.078,-1.586,0.0,-3.14159265
2.738752,-2.254,-1.792,0.0,-3.14159265
2.743104,-2.421,-1.794,0.0,-3.14159265
2.747456,-2.48,-1.846,0.0,-3.14159265
2.751808,-2.49,-2.08,0.0,-3.14159265
2.75616,-2.431,-1.872,0.0,-3.14159265
2.760512,-2.313,-1.976,0.0,-3.14159265
2.7648,-2.186,-1.924,0.0,-3.14159265
2.769152,-1.911,-1.742,0.0,-3.14159265
2.773504,-1.647,-1.508,0.0,-3.14159265
2.777856,-1.333,-1.326,0.0,-3.14159265
2.782208,-0.95,-1.04,0.0,-3.14159265
2.786496,-0.568,-0.78,0.0,-3.14159265
2.790656,-0.205,-0.494,0.0,-3.14159265
2.794816,0.117,-0.13,0.0,-3.14159265
2.798912,0.568,0.104,0.0,-3.14159265
2.802944,0.95,0.442,0.0,-3.14159265
2.806912,1.303,0.78,0.0,-3.14159265
2.811008,1.558,1.092,0.0,-3.14159265
2.815168,1.843,1.3,0.0,-3.14159265
2.819328,2.078,1.586,0.0,-3.14159265
2.823552,2.264,1.794,0.0,-3.14159265
2.827712,2.392,1.924,0.0,-3.14159265
2.831872,2.47,2.054,0.0,-3.14159265
2.836032,2.49,2.288,0.0,-3.14159265
2.840256,2.45,2.132,0.0,-3.14159265
2.844416,2.352,2.288,0.0,-3.14159265
2.848576,2.196,2.028,0.0,-3.14159265
2.852736,1.98,1.924,0.0,-3.14159265
2.856896,1.745,1.664,0.0,-3.14159265
2.86112,1.382,1.482,0.0,-3.14159265
2.86528,1.039,1.144,0.0,-3.14159265
2.86944,0.696,0.806,0.0,-3.14159265
2.873472,0.303,0.624,0.0,-3.14159265
2.87744,-0.058,0.234,0.0,-3.14159265
2.881472,-0.392,0.052,0.0,-3.14159265
2.88544,-0.774,-0.364,0.0,-3.14159265
2.889664,-1.117,-0.598,0.0,-3.14159265
2.893888,-1.46,-0.91,0.0,-3.14159265
2.898176,-1.803,-1.196,0.0,-3.14159265
2.902528,-2.058,-1.482,0.0,-3.14159265
2.90688,-2.254,-1.664,0.0,-3.14159265
2.911168,-2.401,-1.82,0.0,-3.14159265
2.91552,-2.48,-1.898,0.0,-3.14159265
2.919872,-2.49,-1.898,0.0,-3.14159265
2.924224,-2.431,-2.028,0.0,-3.14159265
2.928576,-2.313,-1.976,0.0,-3.14159265
2.932928,-2.078,-1.846,0.0,-3.14159265
2.93728,-1.843,-1.508,0.0,-3.14159265
2.941632,-1.578,-1.612,0.0,-3.14159265
2.945984,-1.176,-1.3,0.0,-3.14159265
2.950336,-0.803,-0.962,0.0,-3.14159265
2.954496,-0.48,-0.676,0.0,-3.14159265
2.958656,-0.088,-0.338,0.0,-3.14159265
2.962752,0.303,-0.104,0.0,-3.14159265
2.966848,0.696,0.338,0.0,-3.14159265
2.970816,1.068,0.546,0.0,-3.14159265
2.974912,1.46,0.858,0.0,-3.14159265
2.979008,1.764,1.352,0.0,-3.14159265
2.983168,2.019,1.456,0.0,-3.14159265
2.987392,2.225,1.794,0.0,-3.14159265
2.991552,2.362,1.82,0.0,-3.14159265
2.995712,2.46,1.976,0.0,-3.14159265
2.999872,2.49,2.34,0.0,-3.14159265
3.004032,2.46,2.132,0.0,-3.14159265
3.008256,2.362,2.132,0.0,-3.14159265
3.012416,2.196,2.028,0.0,-3.14159265
3.016576,1.98,1.872,0.0,-3.14159265
3.020736,1.715,1.768,0.0,-3.14159265
3.024896,1.46,1.508,0.0,-3.14159265
3.02912,1.009,1.196,0.0,-3.14159265
3.03328,0.598,0.806,0.0,-3.14159265
3.037248,0.235,0.468,0.0,-3.14159265
3.04128,-0.117,0.0,0.0,-3.14159265
3.045184,-0.509,-0.156,0.0,-3.14159265
3.049344,-0.892,-0.442,0.0,-3.14159265
3.053568,-1.284,-0.754,0.0,-3.14159265
3.057792,-1.578,-1.014,0.0,-3.14159265
3.062144,-1.931,-1.248,0.0,-3.14159265
3.066496,-2.156,-1.56,0.0,-3.14159265
3.070848,-2.323,-1.638,0.0,-3.14159265
3.0752,-2.45,-1.742,0.0,-3.14159265
3.079552,-2.49,-1.898,0.0,-3.14159265
3.083904,-2.47,-1.95,0.0,-3.14159265
3.088256,-2.362,-1.898,0.0,-3.14159265
3.092544,-2.196,-1.898,0.0,-3.14159265
3.096896,-1.97,-1.846,0.0,-3.14159265
3.101248,-1.647,-1.56,0.0,-3.14159265
3.1056,-1.333,-1.352,0.0,-3.14159265
3.109952,-0.862,-1.066,0.0,-3.14159265
3.11424,-0.509,-0.728,0.0,-3.14159265
3.1184,-0.117,-0.442,0.0,-3.14159265
3.12256,0.303,-0.104,0.0,-3.14159265
3.126656,0.696,0.208,0.0,-3.14159265
3.130624,1.068,0.494,0.0,-3.14159265
3.13472,1.382,0.858,0.0,-3.14159265
3.138816,1.715,1.144,0.0,-3.14159265
3.142976,2.058,1.612,0.0,-3.14159265
3.1472,2.254,1.872,0.0,-3.14159265
3.15136,2.392,1.872,0.0,-3.14159265
3.15552,2.48,2.054,0.0,-3.14159265
3.15968,2.49,2.262,0.0,-3.14159265
3.16384,2.45,2.158,0.0,-3.14159265
3.168064,2.303,2.21,0.0,-3.14159265
3.172224,2.107,1.95,0.0,-3.14159265
3.176384,1.872,1.768,0.0,-3.14159265
3.180544,1.558,1.742,0.0,-3.14159265
3.184704,1.284,1.274,0.0,-3.14159265
3.188928,0.774,1.17,0.0,-3.14159265
3.193024,0.392,0.624,0.0,-3.14159265
3.196992,-0.029,0.26,0.0,-3.14159265
3.201024,-0.392,-0.052,0.0,-3.14159265
3.20512,-0.803,-0.26,0.0,-3.14159265
3.20928,-1.176,-0.624,0.0,-3.14159265
3.213504,-1.529,-1.066,0.0,-3.14159265
3.217856,-1.823,-1.17,0.0,-3.14159265
3.222208,-2.127,-1.43,0.0,-3.14159265
3.22656,-2.313,-1.69,0.0,-3.14159265
3.230912,-2.45,-1.82,0.0,-3.14159265
3.235264,-2.49,-1.924,0.0,-3.14159265
3.239616,-2.47,-1.872,0.0,-3.14159265
3.243968,-2.352,-1.924,0.0,-3.14159265
3.24832,-2.186,-1.846,0.0,-3.14159265
3.252608,-1.95,-1.898,0.0,-3.14159265
3.25696,-1.558,-1.56,0.0,-3.14159265
3.261312,-1.254,-1.118,0.0,-3.14159265
3.265664,-0.862,-0.936,0.0,-3.14159265
3.269824,-0.45,-0.702,0.0,-3.14159265
3.274048,0.029,-0.39,0.0,-3.14159265
3.278016,0.421,-0.078,0.0,-3.14159265
3.282048,0.833,0.338,0.0,-3.14159265
3.286016,1.225,0.624,0.0,-3.14159265
3.290112,1.578,1.014,0.0,-3.14159265
3.294272,1.843,1.326,0.0,-3.14159265
3.298496,2.107,1.586,0.0,-3.14159265
3.302656,2.303,1.872,0.0,-3.14159265
3.306816,2.431,2.054,0.0,-3.14159265
3.310976,2.49,2.08,0.0,-3.14159265
3.3152,2.47,2.236,0.0,-3.14159265
3.31936,2.372,2.262,0.0,-3.14159265
3.32352,2.215,2.028,0.0,-3.14159265
3.32768,1.98,1.872,0.0,-3.14159265
3.33184,1.715,1.638,0.0,-3.14159265
3.336064,1.303,1.326,0.0,-3.14159265
3.340224,0.921,1.066,0.0,-3.14159265
3.34432,0.539,0.728,0.0,-3.14159265
3.348288,0.117,0.338,0.0,-3.14159265
3.35232,-0.303,0.104,0.0,-3.14159265
3.356416,-0.725,-0.182,0.0,-3.14159265
3.360576,-1.117,-0.52,0.0,-3.14159265
3.364864,-1.431,-0.936,0.0,-3.14159265
3.369088,-1.843,-1.118,0.0,-3.14159265
3.37344,-2.107,-1.536,0.0,-3.14159265
3.377792,-2.303,-1.534,0.0,-3.14159265
3.382144,-2.45,-1.898,0.0,-3.14159265
3.386496,-2.49,-1.846,0.0,-3.14159265
3.390848,-2.46,-2.028,0.0,-3.14159265
3.3952,-2.343,-1.898,0.0,-3.14159265
3.399552,-2.137,-1.898,0.0,-3.14159265
3.40384,-1.892,-1.742,0.0,-3.14159265
3.408192,-1.529,-1.508,0.0,-3.14159265
3.412544,-1.147,-1.28,0.0,-3.14159265
3.416896,-0.774,-0.962,0.0,-3.14159265
3.421056,-0.274,-0.65,0.0,-3.14159265
3.42528,0.147,-0.26,0.0,-3.14159265
3.429376,0.568,0.104,0.0,-3.14159265
3.433344,1.009,0.442,0.0,-3.14159265
3.43744,1.382,0.884,0.0,-3.14159265
3.441536,1.676,1.196,0.0,-3.14159265
3.445696,1.98,1.404,0.0,-3.14159265
3.449856,2.215,1.56,0.0,-3.14159265
3.454016,2.401,2.002,0.0,-3.14159265
3.45824,2.48,2.106,0.0,-3.14159265
3.4624,2.49,2.132,0.0,-3.14159265
3.46656,2.411,2.158,0.0,-3.14159265
3.47072,2.264,2.158,0.0,-3.14159265
3.474944,2.0,2.028,0.0,-3.14159265
3.479104,1.715,1.69,0.0,-3.14159265
3.483264,1.362,1.456,0.0,-3.14159265
3.487424,0.98,1.3,0.0,-3.14159265
3.49152,0.598,0.858,0.0,-3.14159265
3.495552,0.176,0.494,0.0,-3.14159265
3.49952,-0.274,0.104,0.0,-3.14159265
3.503616,-0.696,-0.26,0.0,-3.14159265
3.507776,-1.117,-0.624,0.0,-3.14159265
3.512064,-1.529,-0.936,0.0,-3.14159265
3.516352,-1.872,-1.274,0.0,-3.14159265
3.520704,-2.127,-1.534,0.0,-3.14159265
3.524992,-2.352,-1.69,0.0,-3.14159265
3.529344,-2.46,-1.82,0.0,-3.14159265
3.533696,-2.49,-1.976,0.0,-3.14159265
3.538048,-2.431,-1.95,0.0,-3.14159265
3.5424,-2.294,-1.95,0.0,-3.14159265
3.546752,-2.078,-1.69,0.0,-3.14159265
3.551104,-1.745,-1.69,0.0,-3.14159265
3.555456,-1.411,-1.43,0.0,-3.14159265
3.559808,-1.009,-1.092,0.0,-3.14159265
3.56416,-0.509,-0.858,0.0,-3.14159265
3.56832,-0.088,-0.39,0.0,-3.14159265
3.572416,0.362,-0.052,0.0,-3.14159265
3.576384,0.803,0.312,0.0,-3.14159265
3.580416,1.196,0.728,0.0,-3.14159265
3.584512,1.529,1.014,0.0,-3.14159265
3.588672,1.872,1.274,0.0,-3.14159265
3.592832,2.127,1.586,0.0,-3.14159265
3.597056,2.372,1.898,0.0,-3.14159265
3.601216,2.46,2.08,0.0,-3.14159265
3.605376,2.49,2.158,0.0,-3.14159265
3.609536,2.441,2.132,0.0,-3.14159265
3.613696,2.303,2.106,0.0,-3.14159265
3.61792,2.058,1.976,0.0,-3.14159265
3.62208,1.764,1.716,0.0,-3.14159265
3.62624,1.431,1.404,0.0,-3.14159265
3.6304,1.039,1.17,0.0,-3.14159265
3.63456,0.627,0.858,0.0,-3.14159265
3.638592,0.205,0.494,0.0,-3.14159265
3.642624,-0.235,0.13,0.0,-3.14159265
3.646656,-0.696,-0.156,0.0,-3.14159265
3.65088,-1.117,-0.598,0.0,-3.14159265
3.655104,-1.558,-0.936,0.0,-3.14159265
3.659392,-1.892,-1.248,0.0,-3.14159265
3.663744,-2.156,-1.56,0.0,-3.14159265
3.668096,-2.372,-1.612,0.0,-3.14159265
3.672448,-2.47,-1.846,0.0,-3.14159265
3.676736,-2.49,-1.976,0.0,-3.14159265
3.681088,-2.401,-2.054,0.0,-3.14159265
3.68544,-2.245,-1.82,0.0,-3.14159265
3.689792,-2.0,-1.768,0.0,-3.14159265
3.694144,-1.647,-1.664,0.0,-3.14159265
3.698496,-1.284,-1.326,0.0,-3.14159265
3.702848,-0.862,-1.066,0.0,-3.14159265
3.707072,-0.274,-0.728,0.0,-3.14159265
3.711296,0.117,-0.312,0.0,-3.14159265
3.715328,0.568,0.052,0.0,-3.14159265
3.719296,1.009,0.442,0.0,-3.14159265
3.723392,1.411,0.806,0.0,-3.14159265
3.727424,1.764,1.222,0.0,-3.14159265
3.731648,2.019,1.482,0.0,-3.14159265
3.735808,2.264,1.768,0.0,-3.14159265
3.739968,2.45,1.95,0.0,-3.14159265
3.744128,2.49,2.08,0.0,-3.14159265
3.748288,2.47,2.158,0.0,-3.14159265
3.752512,2.352,2.132,0.0,-3.14159265
3.756672,2.156,2.106,0.0,-3.14159265
3.760832,1.892,1.82,0.0,-3.14159265
3.764992,1.48,1.612,0.0,-3.14159265
3.769152,1.088,1.222,0.0,-3.14159265
3.773376,0.627,0.962,0.0,-3.14159265
3.777344,0.176,0.52,0.0,-3.14159265
3.781376,-0.205,0.078,0.0,-3.14159265
3.785344,-0.696,-0.182,0.0,-3.14159265
3.789568,-1.088,-0.598,0.0,-3.14159265
3.793792,-1.509,-0.91,0.0,-3.14159265
3.79808,-1.911,-1.248,0.0,-3.14159265
3.802432,-2.166,-1.534,0.0,-3.14159265
3.80672,-2.362,-1.82,0.0,-3.14159265
3.811072,-2.48,-1.846,0.0,-3.14159265
3.815424,-2.49,-1.976,0.0,-3.14159265
3.819776,-2.401,-1.95,0.0,-3.14159265
3.824128,-2.196,-1.742,0.0,-3.14159265
3.82848,-1.95,-1.768,0.0,-3.14159265
3.832832,-1.607,-1.586,0.0,-3.14159265
3.837184,-1.088,-1.352,0.0,-3.14159265
3.841536,-0.725,-0.884,0.0,-3.14159265
3.845696,-0.274,-0.598,0.0,-3.14159265
3.849856,0.205,-0.338,0.0,-3.14159265
3.853952,0.754,0.052,0.0,-3.14159265
3.857856,1.117,0.572,0.0,-3.14159265
3.861952,1.578,0.91,0.0,-3.14159265
3.866048,1.931,1.456,0.0,-3.14159265
3.870208,2.186,1.508,0.0,-3.14159265
3.874432,2.362,2.002,0.0,-3.14159265
3.878592,2.47,2.002,0.0,-3.14159265
3.882752,2.49,2.106,0.0,-3.14159265
3.886912,2.392,2.21,0.0,-3.14159265
3.891072,2.245,2.028,0.0,-3.14159265
3.895296,1.98,1.976,0.0,-3.14159265
3.899456,1.647,1.69,0.0,-3.14159265
3.903616,1.284,1.352,0.0,-3.14159265
3.907776,0.833,1.066,0.0,-3.14159265
3.911872,0.421,0.65,0.0,-3.14159265
3.915904,-0.058,0.312,0.0,-3.14159265
3.919872,-0.509,-0.078,0.0,-3.14159265
3.923968,-1.039,-0.312,0.0,-3.14159265
3.928256,-1.46,-0.858,0.0,-3.14159265
3.93248,-1.823,-1.17,0.0,-3.14159265
3.936832,-2.107,-1.326,0.0,-3.14159265
3.941184,-2.362,-1.69,0.0,-3.14159265
3.945536,-2.47,-1.846,0.0,-3.14159265
3.949888,-2.49,-2.048,0.0,-3.14159265
3.95424,-2.392,-1.768,0.0,-3.14159265
3.958592,-2.225,-1.872,0.0,-3.14159265
3.962944,-1.872,-1.794,0.0,-3.14159265
3.967296,-1.509,-1.56,0.0,-3.14159265
3.971584,-1.147,-1.3,0.0,-3.14159265
3.975936,-0.568,-0.832,0.0,-3.14159265
3.98016,-0.117,-0.416,0.0,-3.14159265
3.98432,0.303,-0.13,0.0,-3.14159265
3.988416,0.803,0.234,0.0,-3.14159265
3.992384,1.254,0.598,0.0,-3.14159265
3.99648,1.627,1.092,0.0,-3.14159265
4.00064,1.97,1.43,0.0,-3.14159265
4.004864,2.196,1.664,0.0,-3.14159265
4.009024,2.431,1.95,0.0,-3.14159265
4.013184,2.49,2.002,0.0,-3.14159265
4.017344,2.46,2.132,0.0,-3.14159265
4.021568,2.362,2.158,0.0,-3.14159265
4.025728,2.156,2.106,0.0,-3.14159265
4.029888,1.892,1.82,0.0,-3.14159265
4.034048,1.46,1.716,0.0,-3.14159265
4.038208,1.039,1.274,0.0,-3.14159265
4.042432,0.568,1.04,0.0,-3.14159265
4.046464,0.088,0.468,0.0,-3.14159265
4.050432,-0.392,0.052,0.0,-3.14159265
4.0544,-0.833,-0.312,0.0,-3.14159265
4.058624,-1.284,-0.676,0.0,-3.14159265
4.062848,-1.676,-1.28,0.0,-3.14159265
4.0672,-2.078,-1.196,0.0,-3.14159265
4.071552,-2.294,-1.664,0.0,-3.14159265
4.075904,-2.441,-1.794,0.0,-3.14159265
4.080256,-2.49,-1.976,0.0,-3.14159265
4.084608,-2.441,-2.054,0.0,-3.14159265
4.08896,-2.225,-1.976,0.0,-3.14159265
4.093312,-1.97,-1.794,0.0,-3.14159265
4.0976,-1.607,-1.508,0.0,-3.14159265
4.101952,-1.117,-1.3,0.0,-3.14159265
4.106304,-0.666,-0.936,0.0,-3.14159265
4.110528,-0.176,-0.494,0.0,-3.14159265
4.114688,0.235,-0.182,0.0,-3.14159265
4.118784,0.754,0.104,0.0,-3.14159265
4.122752,1.196,0.624,0.0,-3.14159265
4.126848,1.607,1.04,0.0,-3.14159265
4.131008,2.0,1.326,0.0,-3.14159265
4.135168,2.254,1.716,0.0,-3.14159265
4.139392,2.431,1.872,0.0,-3.14159265
4.143552,2.49,2.21,0.0,-3.14159265
4.147712,2.46,2.106,0.0,-3.14159265
4.151872,2.352,2.184,0.0,-3.14159265
4.156032,2.058,2.132,0.0,-3.14159265
4.160256,1.745,1.846,0.0,-3.14159265
4.164416,1.411,1.508,0.0,-3.14159265
4.168576,0.95,1.274,0.0,-3.14159265
4.172672,0.48,0.806,0.0,-3.14159265
4.176704,-0.029,0.364,0.0,-3.14159265
4.180672,-0.509,0.0,0.0,-3.14159265
4.184576,-0.95,-0.468,0.0,-3.14159265
4.1888,-1.382,-0.754,0.0,-3.14159265
4.193024,-1.872,-1.092,0.0,-3.14159265
4.197376,-2.166,-1.56,0.0,-3.14159265
4.201728,-2.352,-1.768,0.0,-3.14159265
4.20608,-2.49,-1.794,0.0,-3.14159265
4.210432,-2.48,-1.82,0.0,-3.14159265
4.214784,-2.382,-2.002,0.0,-3.14159265
4.219136,-2.107,-2.048,0.0,-3.14159265
4.223488,-1.803,-1.56,0.0,-3.14159265
4.227776,-1.411,-1.43,0.0,-3.14159265
4.232128,-0.892,-1.092,0.0,-3.14159265
4.236416,-0.392,-0.676,0.0,-3.14159265
4.240576,0.117,-0.338,0.0,-3.14159265
4.244672,0.539,0.13,0.0,-3.14159265
4.248704,1.039,0.416,0.0,-3.14159265
4.252736,1.46,0.884,0.0,-3.14159265
4.256832,1.843,1.3,0.0,-3.14159265
4.260992,2.196,1.56,0.0,-3.14159265
4.265216,2.392,1.846,0.0,-3.14159265
4.269376,2.49,2.184,0.0,-3.14159265
4.273536,2.48,2.262,0.0,-3.14159265
4.277696,2.362,2.21,0.0,-3.14159265
4.28192,2.107,2.028,0.0,-3.14159265
4.28608,1.803,1.794,0.0,-3.14159265
4.29024,1.411,1.56,0.0,-3.14159265
4.2944,1.009,1.248,0.0,-3.14159265
4.29856,0.509,0.806,0.0,-3.14159265
4.302592,0.0,0.364,0.0,-3.14159265
4.306432,-0.48,0.104,0.0,-3.14159265
4.310528,-0.98,-0.494,0.0,-3.14159265
4.314688,-1.382,-0.78,0.0,-3.14159265
4.318976,-1.892,-1.092,0.0,-3.14159265
4.323264,-2.186,-1.56,0.0,-3.14159265
4.327616,-2.382,-1.716,0.0,-3.14159265
4.331968,-2.49,-1.976,0.0,-3.14159265
4.33632,-2.47,-1.95,0.0,-3.14159265
4.340672,-2.343,-2.08,0.0,-3.14159265
4.345024,-2.058,-1.742,0.0,-3.14159265
4.349376,-1.715,-1.638,0.0,-3.14159265
4.353728,-1.333,-1.404,0.0,-3.14159265
4.35808,-0.774,-0.988,0.0,-3.14159265
4.36224,-0.274,-0.65,0.0,-3.14159265
4.3664,0.235,-0.286,0.0,-3.14159265
4.370496,0.754,0.156,0.0,-3.14159265
4.374528,1.176,0.598,0.0,-3.14159265
4.378624,1.607,0.962,0.0,-3.14159265
4.382656,1.97,1.404,0.0,-3.14159265
4.38688,2.245,1.69,0.0,-3.14159265
4.39104,2.441,2.054,0.0,-3.14159265
4.3952,2.5,2.08,0.0,-3.14159265
4.39936,2.441,2.184,0.0,-3.14159265
4.403584,2.284,2.158,0.0,-3.14159265
4.407744,2.0,1.924,0.0,-3.14159265
4.411904,1.696,1.742,0.0,-3.14159265
4.416064,1.147,1.456,0.0,-3.14159265
4.420224,0.696,0.884,0.0,-3.14159265
4.424256,0.235,0.442,0.0,-3.14159265
4.428224,-0.303,0.13,0.0,-3.14159265
4.43232,-0.803,-0.234,0.0,-3.14159265
4.436544,-1.284,-0.624,0.0,-3.14159265
4.440768,-1.696,-0.988,0.0,-3.14159265
4.445056,-2.088,-1.378,0.0,-3.14159265
4.449408,-2.343,-1.69,0.0,-3.14159265
4.45376,-2.47,-1.872,0.0,-3.14159265
4.458048,-2.48,-1.898,0.0,-3.14159265
4.4624,-2.382,-1.976,0.0,-3.14159265
4.466752,-2.156,-1.872,0.0,-3.14159265
4.471104,-1.803,-1.69,0.0,-3.14159265
4.475456,-1.382,-1.404,0.0,-3.14159265
4.479808,-0.921,-1.118,0.0,-3.14159265
4.484032,-0.333,-0.806,0.0,-3.14159265
4.488256,0.205,-0.286,0.0,-3.14159265
4.492352,0.725,0.104,0.0,-3.14159265
4.49632,1.196,0.572,0.0,-3.14159265
4.500416,1.647,0.962,0.0,-3.14159265
4.504512,1.97,1.352,0.0,-3.14159265
4.508672,2.254,1.664,0.0,-3.14159265
4.512832,2.431,1.898,0.0,-3.14159265
4.517056,2.49,2.106,0.0,-3.14159265
4.521216,2.431,2.184,0.0,-3.14159265
4.525376,2.254,2.054,0.0,-3.14159265
4.529536,1.97,1.976,0.0,-3.14159265
4.533696,1.607,1.768,0.0,-3.14159265
4.53792,1.088,1.43,0.0,-3.14159265
4.54208,0.568,0.936,0.0,-3.14159265
4.546048,0.058,0.416,0.0,-3.14159265
4.550016,-0.48,0.0,0.0,-3.14159265
4.55392,-0.921,-0.416,0.0,-3.14159265
4.55808,-1.411,-0.728,0.0,-3.14159265
4.562368,-1.823,-0.962,0.0,-3.14159265
4.566592,-2.137,-1.378,0.0,-3.14159265
4.570944,-2.392,-1.638,0.0,-3.14159265
4.575296,-2.49,-1.898,0.0,-3.14159265
4.579648,-2.47,-1.95,0.0,-3.14159265
4.584,-2.303,-2.054,0.0,-3.14159265
4.588352,-2.039,-1.768,0.0,-3.14159265
4.592704,-1.676,-1.56,0.0,-3.14159265
4.597056,-1.117,-1.326,0.0,-3.14159265
4.601408,-0.696,-0.936,0.0,-3.14159265
4.605568,-0.147,-0.572,0.0,-3.14159265
4.609728,0.392,-0.104,0.0,-3.14159265
4.613824,0.921,0.26,0.0,-3.14159265
4.617856,1.411,0.754,0.0,-3.14159265
4.621952,1.872,1.024,0.0,-3.14159265
4.626112,2.186,1.534,0.0,-3.14159265
4.630272,2.392,1.872,0.0,-3.14159265
4.634432,2.48,2.054,0.0,-3.14159265
4.638592,2.48,2.314,0.0,-3.14159265
4.642816,2.352,2.184,0.0,-3.14159265
4.646976,2.019,2.028,0.0,-3.14159265
4.651136,1.696,1.768,0.0,-3.14159265
4.655296,1.284,1.404,0.0,-3.14159265
4.659456,0.774,1.066,0.0,-3.14159265
4.663552,0.235,0.65,0.0,-3.14159265
4.667584,-0.303,0.156,0.0,-3.14159265
4.67168,-0.774,-0.286,0.0,-3.14159265
4.67584,-1.284,-0.598,0.0,-3.14159265
4.680128,-1.823,-1.092,0.0,-3.14159265
4.684416,-2.107,-1.326,0.0,-3.14159265
4.688768,-2.352,-1.794,0.0,-3.14159265
4.69312,-2.49,-1.82,0.0,-3.14159265
4.697472,-2.46,-1.898,0.0,-3.14159265
4.701824,-2.343,-1.872,0.0,-3.14159265
4.706176,-2.0,-1.846,0.0,-3.14159265
4.710528,-1.627,-1.586,0.0,-3.14159265
4.71488,-1.225,-1.274,0.0,-3.14159265
4.719232,-0.568,-0.91,0.0,-3.14159265
4.723392,-0.029,-0.416,0.0,-3.14159265
4.727488,0.509,-0.026,0.0,-3.14159265
4.731456,0.98,0.494,0.0,-3.14159265
4.735488,1.46,0.78,0.0,-3.14159265
4.739584,1.872,1.196,0.0,-3.14159265
4.743744,2.186,1.664,0.0,-3.14159265
4.747904,2.392,1.846,0.0,-3.14159265
4.752064,2.49,2.158,0.0,-3.14159265
4.756288,2.45,2.262,0.0,-3.14159265
4.760448,2.264,2.106,0.0,-3.14159265
4.764608,2.019,2.028,0.0,-3.14159265
4.768768,1.647,1.742,0.0,-3.14159265
4.772928,1.068,1.378,0.0,-3.14159265
4.777152,0.509,0.988,0.0,-3.14159265
4.78112,0.058,0.468,0.0,-3.14159265
4.785024,-0.48,-0.052,0.0,-3.14159265
4.78912,-1.039,-0.39,0.0,-3.14159265
4.793408,-1.509,-0.832,0.0,-3.14159265
4.797696,-1.911,-1.17,0.0,-3.14159265
4.801984,-2.264,-1.378,0.0,-3.14159265
4.806336,-2.441,-1.82,0.0,-3.14159265
4.810688,-2.49,-1.924,0.0,-3.14159265
4.81504,-2.401,-1.976,0.0,-3.14159265
4.819392,-2.196,-1.924,0.0,-3.14159265
4.823744,-1.872,-1.716,0.0,-3.14159265
4.828096,-1.382,-1.534,0.0,-3.14159265
4.832448,-0.862,-1.144,0.0,-3.14159265
4.836672,-0.333,-0.702,0.0,-3.14159265
4.840896,0.235,-0.286,0.0,-3.14159265
4.844928,0.862,0.13,0.0,-3.14159265
4.84896,1.362,0.65,0.0,-3.14159265
4.853056,1.803,1.092,0.0,-3.14159265
4.857216,2.137,1.638,0.0,-3.14159265
4.861376,2.352,1.794,0.0,-3.14159265
4.8656,2.48,2.028,0.0,-3.14159265
4.86976,2.48,2.314,0.0,-3.14159265
4.87392,2.313,2.106,0.0,-3.14159265
4.87808,2.058,2.158,0.0,-3.14159265
4.88224,1.676,1.768,0.0,-3.14159265
4.886464,1.225,1.404,0.0,-3.14159265
4.890624,0.696,1.118,0.0,-3.14159265
4.89472,0.205,0.546,0.0,-3.14159265
4.898688,-0.333,0.13,0.0,-3.14159265
4.902784,-0.892,-0.312,0.0,-3.14159265
4.906944,-1.529,-0.754,0.0,-3.14159265
4.911232,-1.892,-1.352,0.0,-3.14159265
4.915584,-2.215,-1.586,0.0,-3.14159265
4.919936,-2.45,-1.664,0.0,-3.14159265
4.924288,-2.49,-1.794,0.0,-3.14159265
4.92864,-2.431,-1.95,0.0,-3.14159265
4.932992,-2.137,-1.976,0.0,-3.14159265
4.937344,-1.803,-1.612,0.0,-3.14159265
4.941632,-1.411,-1.43,0.0,-3.14159265
4.945984,-0.754,-1.066,0.0,-3.14159265
4.950272,-0.205,-0.65,0.0,-3.14159265
4.954432,0.303,-0.208,0.0,-3.14159265
4.958528,0.862,0.26,0.0,-3.14159265
4.96256,1.362,0.702,0.0,-3.14159265
4.966656,1.803,1.196,0.0,-3.14159265
4.970816,2.156,1.612,0.0,-3.14159265
4.974976,2.411,1.82,0.0,-3.14159265
4.979136,2.49,2.184,0.0,-3.14159265
4.983296,2.45,2.158,0.0,-3.14159265
4.98752,2.264,2.106,0.0,-3.14159265
4.99168,2.0,1.976,0.0,-3.14159265
4.99584,1.607,1.69,0.0,-3.14159265
5.0,0.98,1.43,0.0,-3.14159265
5.004096,0.509,0.858,0.0,-3.14159265
5.008128,-0.058,0.416,0.0,-3.14159265
